{
    "asset": {
        "generator": "COLLADA2GLTF",
        "version": "2.0"
    },
    "scenes": [
        {
            "nodes": [
                0
            ]
        }
    ],
    "scene": 0,
    "nodes": [
        {
            "children": [
                78,
                77,
                76,
                75,
                74,
                73,
                72,
                71,
                70,
                69,
                68,
                67,
                66,
                65,
                64,
                63,
                62,
                61,
                60,
                59,
                58,
                57,
                56,
                55,
                54,
                1
            ],
            "name": "Y_UP"
        },
        {
            "mesh": 0,
            "skin": 0,
            "name": "free3dmodel.001"
        },
        {
            "children": [
                11,
                7,
                3
            ],
            "translation": [
                0.0,
                0.0005200000014156103,
                0.030165649950504304
            ],
            "rotation": [
                -0.707024097442627,
                -0.0,
                -0.0,
                -0.7071895003318787
            ],
            "name": "hips"
        },
        {
            "children": [
                4
            ],
            "translation": [
                -0.002717449795454741,
                0.0018397299572825432,
                0.0006859999848529697
            ],
            "rotation": [
                0.9999623894691468,
                -0.006497494876384735,
                -0.00000625023585598683,
                0.004195658024400473
            ],
            "scale": [
                0.9999393820762634,
                0.9999996423721314,
                0.9999991655349731
            ],
            "name": "thigh.R"
        },
        {
            "children": [
                5
            ],
            "translation": [
                -0.0,
                0.01431358978152275,
                -0.0
            ],
            "rotation": [
                -0.03653999790549278,
                0.00037553004221990705,
                0.012460541911423208,
                -0.99925434589386
            ],
            "scale": [
                0.9999997615814208,
                0.9999998807907105,
                0.9999995827674866
            ],
            "name": "shin.R"
        },
        {
            "children": [
                6
            ],
            "translation": [
                -0.0,
                0.015617789700627329,
                0.0
            ],
            "rotation": [
                0.6006017327308655,
                -0.03485701605677605,
                -0.02998213842511177,
                -0.7982252240180969
            ],
            "scale": [
                0.9999998807907105,
                1.0,
                0.9999998211860656
            ],
            "name": "foot.R"
        },
        {
            "matrix": [
                0.9999989867210388,
                -0.0010610000463202596,
                0.00037799999699927866,
                0.0,
                0.0011259999591857198,
                0.9410859942436218,
                -0.3381659984588623,
                0.0,
                0.000003000000106112566,
                0.3381659984588623,
                0.9410859942436218,
                0.0,
                -0.0,
                0.004431859590113163,
                -0.0,
                1.0
            ],
            "name": "toe.R"
        },
        {
            "children": [
                8
            ],
            "translation": [
                0.002717449795454741,
                0.0018397299572825432,
                0.0006859999848529697
            ],
            "rotation": [
                0.9999623894691468,
                0.006497494876384735,
                0.00000625023585598683,
                0.004194157663732767
            ],
            "scale": [
                0.9999393820762634,
                0.9999995827674866,
                0.9999991655349731
            ],
            "name": "thigh.L"
        },
        {
            "children": [
                9
            ],
            "translation": [
                0.0,
                0.01431358978152275,
                -0.0
            ],
            "rotation": [
                -0.03653648495674133,
                -0.0003755299549084157,
                -0.012460539117455485,
                -0.999254584312439
            ],
            "scale": [
                0.9999997615814208,
                1.0000003576278689,
                1.0000001192092896
            ],
            "name": "shin.L"
        },
        {
            "children": [
                10
            ],
            "translation": [
                0.0,
                0.015617789700627329,
                -0.0
            ],
            "rotation": [
                0.6006002426147461,
                0.03485696390271187,
                0.02998209372162819,
                -0.7982264757156372
            ],
            "scale": [
                0.9999998807907105,
                1.000000238418579,
                0.9999999403953552
            ],
            "name": "foot.L"
        },
        {
            "matrix": [
                0.9999989867210388,
                0.0010610000463202596,
                -0.00037799999699927866,
                0.0,
                -0.0011249999515712262,
                0.9515429735183716,
                -0.30751100182533266,
                0.0,
                0.00003300000025774352,
                0.30751198530197146,
                0.9515439867973328,
                0.0,
                0.0,
                0.004431859590113163,
                -0.0,
                1.0
            ],
            "name": "toe.L"
        },
        {
            "children": [
                12
            ],
            "translation": [
                0.0,
                0.004915240220725536,
                -0.0
            ],
            "rotation": [
                -0.005648590624332428,
                0.0,
                -0.0,
                -0.9999839663505554
            ],
            "scale": [
                1.0,
                0.9999997615814208,
                0.9999997615814208
            ],
            "name": "abdomen"
        },
        {
            "children": [
                13
            ],
            "translation": [
                0.0,
                0.002637619851157069,
                -0.0
            ],
            "rotation": [
                0.12273799628019332,
                -0.0,
                0.0,
                -0.9924391508102416
            ],
            "scale": [
                1.0,
                1.000000238418579,
                1.000000238418579
            ],
            "name": "abdomen2"
        },
        {
            "children": [
                52,
                33,
                14
            ],
            "translation": [
                -0.0,
                0.004604729823768139,
                -0.0
            ],
            "rotation": [
                -0.10128180682659148,
                0.0,
                -0.0,
                -0.9948577880859376
            ],
            "name": "chest"
        },
        {
            "children": [
                15
            ],
            "translation": [
                -0.0005988999619148672,
                0.006546569988131523,
                0.0017943799030035737
            ],
            "rotation": [
                0.5667576789855957,
                -0.40033525228500368,
                -0.4079369604587555,
                -0.5933845639228821
            ],
            "scale": [
                1.0000001192092896,
                1.0000004768371585,
                0.9999997615814208
            ],
            "name": "shoulder.R"
        },
        {
            "children": [
                16
            ],
            "translation": [
                0.0,
                0.0057840594090521339,
                9.99999993922529e-9
            ],
            "rotation": [
                -0.11978080868721008,
                0.695186197757721,
                -0.1292129158973694,
                -0.6969020962715149
            ],
            "scale": [
                0.9999998807907105,
                0.999999701976776,
                0.9999997615814208
            ],
            "name": "upper_arm.R"
        },
        {
            "children": [
                17
            ],
            "translation": [
                9.99999993922529e-9,
                0.009326599538326264,
                0.0
            ],
            "rotation": [
                -0.0,
                -0.00038300000596791506,
                -0.0,
                -1.0
            ],
            "scale": [
                1.000000238418579,
                1.0,
                1.000000238418579
            ],
            "name": "forearm.R"
        },
        {
            "children": [
                30,
                27,
                24,
                21,
                18
            ],
            "translation": [
                0.0,
                0.008222400210797787,
                0.0
            ],
            "rotation": [
                0.012295548804104329,
                0.7521956562995911,
                -0.05699464678764343,
                -0.6563555002212524
            ],
            "scale": [
                1.0000004768371585,
                1.0000001192092896,
                1.000000238418579
            ],
            "name": "hand.R"
        },
        {
            "children": [
                19
            ],
            "translation": [
                -0.001033889944665134,
                0.0028299097903072836,
                0.0001583099947310984
            ],
            "rotation": [
                0.02539888210594654,
                -0.18866655230522157,
                0.052482690662145618,
                -0.9803088903427124
            ],
            "scale": [
                0.9999999403953552,
                1.0000001192092896,
                1.000000238418579
            ],
            "name": "f_pinky.01.R"
        },
        {
            "children": [
                20
            ],
            "translation": [
                -0.0,
                0.0010067999828606845,
                0.0
            ],
            "rotation": [
                -0.0,
                -0.0001765000051818788,
                -0.0,
                -1.0
            ],
            "name": "f_pinky.02.R"
        },
        {
            "matrix": [
                0.9995629787445068,
                -0.029538000002503396,
                -0.0007590000168420374,
                0.0,
                0.029174000024795533,
                0.9906449913978576,
                -0.133309006690979,
                0.0,
                0.004689999856054783,
                0.13322900235652924,
                0.9910740256309508,
                0.0,
                0.0,
                0.000607040012255311,
                -0.0,
                1.0
            ],
            "name": "f_pinky.03.R"
        },
        {
            "children": [
                22
            ],
            "translation": [
                -0.00034252999466843903,
                0.0031328098848462106,
                -0.00011082000128226356
            ],
            "rotation": [
                0.029128842055797578,
                -0.11725851893424988,
                0.05050794780254364,
                -0.9913884401321412
            ],
            "scale": [
                1.0000001192092896,
                1.0000001192092896,
                1.0
            ],
            "name": "f_ring.01.R"
        },
        {
            "children": [
                23
            ],
            "translation": [
                0.0,
                0.0012957599246874452,
                0.0
            ],
            "rotation": [
                0.0,
                -0.0002500000118743628,
                0.0,
                -1.0
            ],
            "scale": [
                1.0000001192092896,
                1.0,
                1.0000001192092896
            ],
            "name": "f_ring.02.R"
        },
        {
            "matrix": [
                0.9998980164527892,
                -0.014295999892055989,
                -0.0005569999921135604,
                0.0,
                0.014252999797463416,
                0.9987559914588928,
                -0.04779199883341789,
                0.0,
                0.0012400000123307109,
                0.04777900129556656,
                0.9988570213317872,
                0.0,
                -0.0,
                0.000750519975554198,
                -0.0,
                1.0
            ],
            "name": "f_ring.03.R"
        },
        {
            "children": [
                25
            ],
            "translation": [
                0.0003027700004167855,
                0.003225320018827915,
                -0.00022559000353794545
            ],
            "rotation": [
                0.034969087690114978,
                0.0023374827578663828,
                0.04665524512529373,
                -0.998296082019806
            ],
            "scale": [
                1.0000003576278689,
                1.0000001192092896,
                0.9999995231628418
            ],
            "name": "f_middle.01.R"
        },
        {
            "children": [
                26
            ],
            "translation": [
                -0.0,
                0.0013622100232169033,
                0.0
            ],
            "rotation": [
                -0.0,
                -0.0013840014580637217,
                -0.0,
                -0.9999989867210388
            ],
            "scale": [
                0.9999998211860656,
                1.0,
                0.9999998211860656
            ],
            "name": "f_middle.02.R"
        },
        {
            "matrix": [
                0.9999799728393556,
                0.0009629999985918404,
                -0.00623599998652935,
                0.0,
                -0.001505000051110983,
                0.9961599707603456,
                -0.08753500133752823,
                0.0,
                0.006128000095486641,
                0.08754300326108933,
                0.9961419701576232,
                0.0,
                0.0,
                0.0008942099520936608,
                -0.0,
                1.0
            ],
            "name": "f_middle.03.R"
        },
        {
            "children": [
                28
            ],
            "translation": [
                0.0007229199982248247,
                0.0008965799934230745,
                0.0002774299937300384
            ],
            "rotation": [
                0.04871407151222229,
                0.5723247528076172,
                0.350898414850235,
                -0.7395552396774292
            ],
            "scale": [
                1.0000003576278689,
                1.0000003576278689,
                1.0000001192092896
            ],
            "name": "thumb.01.R"
        },
        {
            "children": [
                29
            ],
            "translation": [
                9.99999993922529e-9,
                0.0015603199135512114,
                0.0
            ],
            "rotation": [
                -0.0,
                -0.018506169319152833,
                0.0,
                -0.9998287558555604
            ],
            "scale": [
                0.9999999403953552,
                1.0,
                0.9999999403953552
            ],
            "name": "thumb.02.R"
        },
        {
            "matrix": [
                0.9946839809417724,
                0.08822599798440933,
                0.053098998963832858,
                0.0,
                -0.07755299657583237,
                0.981090009212494,
                -0.17733599245548249,
                0.0,
                -0.06774000078439713,
                0.17227500677108766,
                0.982716977596283,
                0.0,
                -0.0,
                0.0010281699942424894,
                -0.0,
                1.0
            ],
            "name": "thumb.03.R"
        },
        {
            "children": [
                31
            ],
            "translation": [
                0.001075380016118288,
                0.0030969700310379268,
                -0.00013478999608196318
            ],
            "rotation": [
                0.03920241445302963,
                0.09622523933649065,
                0.04315929114818573,
                -0.993650496006012
            ],
            "scale": [
                0.9999999403953552,
                1.0000001192092896,
                1.000000238418579
            ],
            "name": "f_index.01.R"
        },
        {
            "children": [
                32
            ],
            "translation": [
                0.0,
                0.0012473899405449629,
                0.0
            ],
            "rotation": [
                0.0,
                0.0004455001035239547,
                0.0,
                -0.9999997615814208
            ],
            "scale": [
                0.9999993443489076,
                1.0,
                0.9999993443489076
            ],
            "name": "f_index.02.R"
        },
        {
            "matrix": [
                0.9999979734420776,
                0.00030899999546818435,
                -0.002132999943569303,
                0.0,
                -0.000623999978415668,
                0.9887980222702026,
                -0.14925600588321689,
                0.0,
                0.0020630001090466978,
                0.14925700426101685,
                0.9887959957122804,
                0.0,
                0.0,
                0.0007372199324890971,
                0.0,
                1.0
            ],
            "name": "f_index.03.R"
        },
        {
            "children": [
                34
            ],
            "translation": [
                0.0005988999619148672,
                0.006546569988131523,
                0.0017943799030035737
            ],
            "rotation": [
                0.5667574405670166,
                0.4003354907035828,
                0.4079367816448212,
                -0.5933848023414612
            ],
            "scale": [
                1.0000001192092896,
                1.0000004768371585,
                0.9999997615814208
            ],
            "name": "shoulder.L"
        },
        {
            "children": [
                35
            ],
            "translation": [
                0.0,
                0.0057840594090521339,
                0.0
            ],
            "rotation": [
                -0.11978041380643845,
                -0.6951863765716553,
                0.12921251356601716,
                -0.6969022750854492
            ],
            "scale": [
                0.9999998807907105,
                1.000000238418579,
                1.0000003576278689
            ],
            "name": "upper_arm.L"
        },
        {
            "children": [
                36
            ],
            "translation": [
                -0.0,
                0.009326599538326264,
                -0.0
            ],
            "rotation": [
                -0.0,
                0.00038300000596791506,
                0.0,
                -1.0
            ],
            "scale": [
                1.000000238418579,
                1.0,
                1.000000238418579
            ],
            "name": "forearm.L"
        },
        {
            "children": [
                49,
                46,
                43,
                40,
                37
            ],
            "translation": [
                0.0,
                0.008222400210797787,
                -0.0
            ],
            "rotation": [
                0.012295548804104329,
                -0.7521952390670776,
                0.05699464678764343,
                -0.6563555002212524
            ],
            "scale": [
                0.999999463558197,
                1.0000001192092896,
                1.000000238418579
            ],
            "name": "hand.L"
        },
        {
            "children": [
                38
            ],
            "translation": [
                0.001033889944665134,
                0.00282990001142025,
                0.0001583099947310984
            ],
            "rotation": [
                0.02539888210594654,
                0.18866655230522157,
                -0.052482690662145618,
                -0.9803088903427124
            ],
            "scale": [
                0.9999999403953552,
                1.0000001192092896,
                1.000000238418579
            ],
            "name": "f_pinky.01.L"
        },
        {
            "children": [
                39
            ],
            "translation": [
                -0.0,
                0.0010067999828606845,
                0.0
            ],
            "rotation": [
                0.0,
                0.0001765000051818788,
                0.0,
                -1.0
            ],
            "name": "f_pinky.02.L"
        },
        {
            "matrix": [
                0.9995629787445068,
                0.029538000002503396,
                0.0007590000168420374,
                0.0,
                -0.029174000024795533,
                0.9906449913978576,
                -0.133309006690979,
                0.0,
                -0.004689999856054783,
                0.13322900235652924,
                0.9910740256309508,
                0.0,
                0.0,
                0.000607040012255311,
                -0.0,
                1.0
            ],
            "name": "f_pinky.03.L"
        },
        {
            "children": [
                41
            ],
            "translation": [
                0.00034252999466843903,
                0.0031328098848462106,
                -0.00011082000128226356
            ],
            "rotation": [
                0.029128842055797578,
                0.11725851893424988,
                -0.05050794780254364,
                -0.9913884401321412
            ],
            "scale": [
                1.0000001192092896,
                1.0000001192092896,
                1.0
            ],
            "name": "f_ring.01.L"
        },
        {
            "children": [
                42
            ],
            "translation": [
                0.0,
                0.0012957599246874452,
                -0.0
            ],
            "rotation": [
                0.0,
                0.0002500000118743628,
                -0.0,
                -1.0
            ],
            "scale": [
                1.0000001192092896,
                1.0,
                1.0000001192092896
            ],
            "name": "f_ring.02.L"
        },
        {
            "matrix": [
                0.9998980164527892,
                0.014295999892055989,
                0.0005569999921135604,
                0.0,
                -0.014252999797463416,
                0.9987559914588928,
                -0.04779199883341789,
                0.0,
                -0.0012400000123307109,
                0.04777900129556656,
                0.9988570213317872,
                0.0,
                0.0,
                0.000750519975554198,
                0.0,
                1.0
            ],
            "name": "f_ring.03.L"
        },
        {
            "children": [
                44
            ],
            "translation": [
                -0.0003027700004167855,
                0.003225320018827915,
                -0.00022559000353794545
            ],
            "rotation": [
                0.034969087690114978,
                -0.0023374827578663828,
                -0.04665524512529373,
                -0.998296082019806
            ],
            "scale": [
                1.0000003576278689,
                1.0000001192092896,
                0.9999995231628418
            ],
            "name": "f_middle.01.L"
        },
        {
            "children": [
                45
            ],
            "translation": [
                0.0,
                0.0013622100232169033,
                0.0
            ],
            "rotation": [
                0.0,
                0.0013830015668645502,
                -0.0,
                -0.9999989867210388
            ],
            "scale": [
                0.9999998211860656,
                1.0,
                0.9999998211860656
            ],
            "name": "f_middle.02.L"
        },
        {
            "matrix": [
                0.9999799728393556,
                -0.0009629999985918404,
                0.00623599998652935,
                0.0,
                0.001505000051110983,
                0.9961599707603456,
                -0.08753500133752823,
                0.0,
                -0.006128000095486641,
                0.08754300326108933,
                0.9961419701576232,
                0.0,
                -0.0,
                0.0008942099520936608,
                0.0,
                1.0
            ],
            "name": "f_middle.03.L"
        },
        {
            "children": [
                47
            ],
            "translation": [
                -0.0007229199982248247,
                0.0008965799934230745,
                0.0002774299937300384
            ],
            "rotation": [
                0.04871407896280289,
                -0.5723245143890381,
                -0.35089847445487978,
                -0.7395551204681397
            ],
            "scale": [
                0.9999995231628418,
                0.9999996423721314,
                1.0000001192092896
            ],
            "name": "thumb.01.L"
        },
        {
            "children": [
                48
            ],
            "translation": [
                -0.0,
                0.0015603199135512114,
                0.0
            ],
            "rotation": [
                -0.0,
                0.018506169319152833,
                -0.0,
                -0.9998287558555604
            ],
            "scale": [
                0.9999999403953552,
                1.0,
                0.9999999403953552
            ],
            "name": "thumb.02.L"
        },
        {
            "matrix": [
                0.994825005531311,
                -0.08727499842643738,
                -0.05201400071382523,
                0.0,
                0.07682299613952637,
                0.9811999797821044,
                -0.17704500257968906,
                0.0,
                0.06648799777030945,
                0.17213299870491029,
                0.9828270077705384,
                0.0,
                0.0,
                0.0010281699942424894,
                0.0,
                1.0
            ],
            "name": "thumb.03.L"
        },
        {
            "children": [
                50
            ],
            "translation": [
                -0.001075380016118288,
                0.0030969700310379268,
                -0.00013478999608196318
            ],
            "rotation": [
                0.03920241445302963,
                -0.09622523933649065,
                -0.04315929114818573,
                -0.993650496006012
            ],
            "scale": [
                0.9999999403953552,
                1.0000001192092896,
                1.000000238418579
            ],
            "name": "f_index.01.L"
        },
        {
            "children": [
                51
            ],
            "translation": [
                -0.0,
                0.0012473799288272858,
                -0.0
            ],
            "rotation": [
                -0.0,
                -0.00044550004531629384,
                0.0,
                -0.9999998807907105
            ],
            "scale": [
                0.9999993443489076,
                1.0,
                1.0000003576278689
            ],
            "name": "f_index.02.L"
        },
        {
            "matrix": [
                0.9999979734420776,
                -0.00030899999546818435,
                0.002132999943569303,
                0.0,
                0.000623999978415668,
                0.9887980222702026,
                -0.14925600588321689,
                0.0,
                -0.0020630001090466978,
                0.14925700426101685,
                0.9887959957122804,
                0.0,
                0.0,
                0.0007372300024144352,
                0.0,
                1.0
            ],
            "name": "f_index.03.L"
        },
        {
            "children": [
                53
            ],
            "translation": [
                0.0,
                0.008674219250679016,
                0.0
            ],
            "rotation": [
                -0.17883653938770298,
                0.0,
                0.0,
                -0.9838787913322448
            ],
            "name": "neck"
        },
        {
            "matrix": [
                1.0,
                -0.0,
                0.0,
                0.0,
                0.0,
                0.9466729760169984,
                -0.3221949934959412,
                0.0,
                -0.0,
                0.3221949934959412,
                0.9466729760169984,
                0.0,
                0.0,
                0.003621230134740472,
                0.0,
                1.0
            ],
            "name": "head"
        },
        {
            "mesh": 1,
            "skin": 1,
            "name": "free3dmodel.002"
        },
        {
            "mesh": 2,
            "skin": 2,
            "name": "free3dmodel.003"
        },
        {
            "mesh": 3,
            "skin": 3,
            "name": "free3dmodel.004"
        },
        {
            "mesh": 4,
            "skin": 4,
            "name": "free3dmodel.005"
        },
        {
            "mesh": 5,
            "skin": 5,
            "name": "free3dmodel.006"
        },
        {
            "mesh": 6,
            "skin": 6,
            "name": "free3dmodel.007"
        },
        {
            "mesh": 7,
            "skin": 7,
            "name": "free3dmodel.008"
        },
        {
            "mesh": 8,
            "skin": 8,
            "name": "free3dmodel.009"
        },
        {
            "mesh": 9,
            "skin": 9,
            "name": "free3dmodel.010"
        },
        {
            "mesh": 10,
            "skin": 10,
            "name": "free3dmodel.011"
        },
        {
            "mesh": 11,
            "skin": 11,
            "name": "free3dmodel.012"
        },
        {
            "mesh": 12,
            "skin": 12,
            "name": "free3dmodel.013"
        },
        {
            "mesh": 13,
            "skin": 13,
            "name": "free3dmodel.014"
        },
        {
            "mesh": 14,
            "skin": 14,
            "name": "free3dmodel.015"
        },
        {
            "mesh": 15,
            "skin": 15,
            "name": "free3dmodel.016"
        },
        {
            "mesh": 16,
            "skin": 16,
            "name": "free3dmodel.017"
        },
        {
            "mesh": 17,
            "skin": 17,
            "name": "free3dmodel.018"
        },
        {
            "mesh": 18,
            "skin": 18,
            "name": "free3dmodel.019"
        },
        {
            "mesh": 19,
            "skin": 19,
            "name": "free3dmodel.020"
        },
        {
            "mesh": 20,
            "skin": 20,
            "name": "free3dmodel.021"
        },
        {
            "mesh": 21,
            "skin": 21,
            "name": "free3dmodel.022"
        },
        {
            "mesh": 22,
            "skin": 22,
            "name": "free3dmodel.023"
        },
        {
            "mesh": 23,
            "skin": 23,
            "name": "free3dmodel.024"
        },
        {
            "mesh": 24,
            "skin": 24,
            "name": "free3dmodel.025"
        },
        {
            "children": [
                2
            ],
            "translation": [
                -5.599999894911889e-7,
                0.00041655998211354017,
                -0.02037961035966873
            ],
            "rotation": [
                9.95037078857422,
                -7.462777489308792e-7,
                7.462777489308792e-7,
                -5.024938583374023
            ],
            "scale": [
                100.0,
                100.0,
                100.0
            ],
            "name": "free3dmodel_skeleton"
        }
    ],
    "meshes": [
        {
            "primitives": [
                {
                    "attributes": {
                        "JOINTS_0": 1,
                        "NORMAL": 2,
                        "POSITION": 3,
                        "WEIGHTS_0": 4
                    },
                    "indices": 0,
                    "mode": 4,
                    "material": 0
                }
            ],
            "name": "free3dmodel.001Mesh"
        },
        {
            "primitives": [
                {
                    "attributes": {
                        "JOINTS_0": 6,
                        "NORMAL": 7,
                        "POSITION": 8,
                        "WEIGHTS_0": 9
                    },
                    "indices": 5,
                    "mode": 4,
                    "material": 1
                }
            ],
            "name": "free3dmodel.002Mesh"
        },
        {
            "primitives": [
                {
                    "attributes": {
                        "JOINTS_0": 11,
                        "NORMAL": 12,
                        "POSITION": 13,
                        "WEIGHTS_0": 14
                    },
                    "indices": 10,
                    "mode": 4,
                    "material": 2
                }
            ],
            "name": "free3dmodel.003Mesh"
        },
        {
            "primitives": [
                {
                    "attributes": {
                        "JOINTS_0": 16,
                        "NORMAL": 17,
                        "POSITION": 18,
                        "WEIGHTS_0": 19
                    },
                    "indices": 15,
                    "mode": 4,
                    "material": 3
                }
            ],
            "name": "free3dmodel.004Mesh"
        },
        {
            "primitives": [
                {
                    "attributes": {
                        "JOINTS_0": 21,
                        "NORMAL": 22,
                        "POSITION": 23,
                        "WEIGHTS_0": 24
                    },
                    "indices": 20,
                    "mode": 4,
                    "material": 4
                }
            ],
            "name": "free3dmodel.005Mesh"
        },
        {
            "primitives": [
                {
                    "attributes": {
                        "JOINTS_0": 26,
                        "NORMAL": 27,
                        "POSITION": 28,
                        "WEIGHTS_0": 29
                    },
                    "indices": 25,
                    "mode": 4,
                    "material": 5
                }
            ],
            "name": "free3dmodel.006Mesh"
        },
        {
            "primitives": [
                {
                    "attributes": {
                        "JOINTS_0": 31,
                        "NORMAL": 32,
                        "POSITION": 33,
                        "WEIGHTS_0": 34
                    },
                    "indices": 30,
                    "mode": 4,
                    "material": 6
                }
            ],
            "name": "free3dmodel.007Mesh"
        },
        {
            "primitives": [
                {
                    "attributes": {
                        "JOINTS_0": 36,
                        "NORMAL": 37,
                        "POSITION": 38,
                        "WEIGHTS_0": 39
                    },
                    "indices": 35,
                    "mode": 4,
                    "material": 7
                }
            ],
            "name": "free3dmodel.008Mesh"
        },
        {
            "primitives": [
                {
                    "attributes": {
                        "JOINTS_0": 41,
                        "NORMAL": 42,
                        "POSITION": 43,
                        "WEIGHTS_0": 44
                    },
                    "indices": 40,
                    "mode": 4,
                    "material": 8
                }
            ],
            "name": "free3dmodel.009Mesh"
        },
        {
            "primitives": [
                {
                    "attributes": {
                        "JOINTS_0": 46,
                        "NORMAL": 47,
                        "POSITION": 48,
                        "WEIGHTS_0": 49
                    },
                    "indices": 45,
                    "mode": 4,
                    "material": 9
                }
            ],
            "name": "free3dmodel.010Mesh"
        },
        {
            "primitives": [
                {
                    "attributes": {
                        "JOINTS_0": 51,
                        "NORMAL": 52,
                        "POSITION": 53,
                        "WEIGHTS_0": 54
                    },
                    "indices": 50,
                    "mode": 4,
                    "material": 10
                }
            ],
            "name": "free3dmodel.011Mesh"
        },
        {
            "primitives": [
                {
                    "attributes": {
                        "JOINTS_0": 56,
                        "NORMAL": 57,
                        "POSITION": 58,
                        "WEIGHTS_0": 59
                    },
                    "indices": 55,
                    "mode": 4,
                    "material": 11
                }
            ],
            "name": "free3dmodel.012Mesh"
        },
        {
            "primitives": [
                {
                    "attributes": {
                        "JOINTS_0": 61,
                        "NORMAL": 62,
                        "POSITION": 63,
                        "WEIGHTS_0": 64
                    },
                    "indices": 60,
                    "mode": 4,
                    "material": 12
                }
            ],
            "name": "free3dmodel.013Mesh"
        },
        {
            "primitives": [
                {
                    "attributes": {
                        "JOINTS_0": 66,
                        "NORMAL": 67,
                        "POSITION": 68,
                        "WEIGHTS_0": 69
                    },
                    "indices": 65,
                    "mode": 4,
                    "material": 13
                }
            ],
            "name": "free3dmodel.014Mesh"
        },
        {
            "primitives": [
                {
                    "attributes": {
                        "JOINTS_0": 71,
                        "NORMAL": 72,
                        "POSITION": 73,
                        "WEIGHTS_0": 74
                    },
                    "indices": 70,
